-114110000.0
-103090000.0
-108370000.0
-53052000.0
-73192000.0
-111100000.0
-110380000.0
-110760000.0
-111210000.0
-111640000.0
-112010000.0
-112350000.0
-112640000.0
-112910000.0
-113140000.0
-113350000.0
-113520000.0
-113650000.0
-113740000.0
-113810000.0
-113860000.0
-113870000.0
-113880000.0
-113840000.0
-113810000.0
-113740000.0
-113680000.0
-113580000.0
-113500000.0
-113380000.0
-113270000.0
-113130000.0
-112990000.0
-112810000.0
-112620000.0
-112390000.0
-112140000.0
-111840000.0
-111500000.0
-111130000.0
-110710000.0
-110240000.0
-109710000.0
-109140000.0
-108510000.0
-107850000.0
-107120000.0
-106350000.0
-105540000.0
-104930000.0
-105710000.0
-102330000.0
-101870000.0
-101230000.0
-100550000.0
-99842000.0
-99114000.0
-98389000.0
-97679000.0
-97002000.0
-96346000.0
-95744000.0
-95156000.0
-94614000.0
-94074000.0
-93566000.0
-93048000.0
-92552000.0
-92041000.0
-91547000.0
-91041000.0
-90541000.0
-90036000.0
-89526000.0
-89012000.0
-88476000.0
-87941000.0
-87367000.0
-86790000.0
-86168000.0
-85534000.0
-84855000.0
-84168000.0
-83432000.0
-82696000.0
-81921000.0
-81150000.0
-80357000.0
-79564000.0
-78785000.0
-78006000.0
-77268000.0
-76543000.0
-75868000.0
-75220000.0
-74642000.0
-74096000.0
-73632000.0
-73242000.0
-72988000.0
-73009000.0
-73634000.0
879270.0
3549400.0
3332900.0
6318900.0
3311600.0
751510.0
-3140000.0
-5980300.0
-8788700.0
-11639000.0
-14398000.0
-17300000.0
-19896000.0
-22206000.0
-24277000.0
-26124000.0
-27862000.0
-29303000.0
-30551000.0
-31655000.0
-32602000.0
-33501000.0
-34245000.0
-34982000.0
-35556000.0
-36139000.0
-36587000.0
-37032000.0
-37389000.0
-37723000.0
-38018000.0
-38263000.0
-38514000.0
-38709000.0
-38934000.0
-39110000.0
-39330000.0
-39502000.0
-39734000.0
-39900000.0
-40146000.0
-40322000.0
-40572000.0
-40763000.0
-41010000.0
-41215000.0
-41454000.0
-41680000.0
-41906000.0
-42154000.0
-42380000.0
-42650000.0
-42898000.0
-43213000.0
-43513000.0
-43912000.0
-44301000.0
-44824000.0
-45348000.0
-45989000.0
-46619000.0
-47276000.0
-47865000.0
-48410000.0
-48882000.0
-49330000.0
-49745000.0
-50188000.0
-50648000.0
-51178000.0
-51775000.0
-52509000.0
