-502400.0
-3446400.0
-1566200.0
252360.0
-3235100.0
-554150.0
560160.0
1195400.0
1517200.0
1650400.0
1677800.0
1620900.0
1518400.0
1374400.0
1209000.0
1032200.0
847670.0
671270.0
498430.0
348790.0
199270.0
-152400.0
-253910.0
-345020.0
-433720.0
-519240.0
-605420.0
-694000.0
-787150.0
-888840.0
-998430.0
-1125800.0
-1260200.0
-1420500.0
-1585700.0
-1776900.0
-1968400.0
-2177300.0
-2380700.0
-2579500.0
-2755300.0
-2898500.0
-2999800.0
-3033700.0
-2993400.0
-2830400.0
-2504400.0
-1912300.0
-1071200.0
-3438600.0
-3251100.0
-3150000.0
-3033400.0
-2934600.0
-2824700.0
-2742000.0
-2654300.0
-2582400.0
-2521000.0
-2461400.0
-2417800.0
-2373100.0
-2338600.0
-2298600.0
-2277300.0
-2229600.0
-2223300.0
-2169400.0
-2164800.0
-2108600.0
-2098100.0
-2043200.0
-2009000.0
-1965400.0
-1907300.0
-1855500.0
-1787000.0
-1725000.0
-1635500.0
-1584700.0
-1472300.0
-1427800.0
-1315700.0
-1269800.0
-1177100.0
-1119000.0
-1064200.0
-1009300.0
-980980.0
-951170.0
-952050.0
-932560.0
-986070.0
-981510.0
-1075600.0
-1109800.0
-1265400.0
-1405100.0
-1768600.0
-2421800.0
-653270.0
-1337300.0
-228110.0
-361570.0
162080.0
5669800.0
5045900.0
5098600.0
4801800.0
4805000.0
4511300.0
4628000.0
4528200.0
4543900.0
4430500.0
4293900.0
4155300.0
3919800.0
3647400.0
3434300.0
3208600.0
3033900.0
2810300.0
2671900.0
2456700.0
2345200.0
2161800.0
2062300.0
1926200.0
1831600.0
1749100.0
1655700.0
1622800.0
1540800.0
1543100.0
1477600.0
1501000.0
1443400.0
1483400.0
1419600.0
1470000.0
1408400.0
1452000.0
1399900.0
1425000.0
1386500.0
1388000.0
1366500.0
1336200.0
1329500.0
1270700.0
1267000.0
1186300.0
1173700.0
1063900.0
1041000.0
890480.0
853040.0
673290.0
616020.0
439210.0
372010.0
232850.0
182260.0
111220.0
110040.0
