-115770000.0
-107990000.0
-109980000.0
-62920000.0
-79267000.0
-117120000.0
-118250000.0
-119020000.0
-119670000.0
-120190000.0
-120690000.0
-121120000.0
-121550000.0
-121910000.0
-122260000.0
-122520000.0
-122770000.0
-122950000.0
-123090000.0
-123180000.0
-123240000.0
-123270000.0
-123250000.0
-123240000.0
-123180000.0
-123130000.0
-123040000.0
-122980000.0
-122860000.0
-122770000.0
-122640000.0
-122520000.0
-122350000.0
-122200000.0
-121980000.0
-121750000.0
-121470000.0
-121140000.0
-120750000.0
-120290000.0
-119780000.0
-119180000.0
-118540000.0
-117810000.0
-117060000.0
-116220000.0
-115380000.0
-114440000.0
-113480000.0
-112380000.0
-111270000.0
-108660000.0
-108970000.0
-108990000.0
-108900000.0
-108730000.0
-108500000.0
-108210000.0
-107900000.0
-107540000.0
-107180000.0
-106770000.0
-106360000.0
-105900000.0
-105440000.0
-104940000.0
-104450000.0
-103930000.0
-103410000.0
-102900000.0
-102380000.0
-101890000.0
-101370000.0
-100910000.0
-100420000.0
-99969000.0
-99503000.0
-99054000.0
-98583000.0
-98124000.0
-97625000.0
-97115000.0
-96584000.0
-96005000.0
-95421000.0
-94766000.0
-94112000.0
-93377000.0
-92634000.0
-91828000.0
-91004000.0
-90124000.0
-89232000.0
-88291000.0
-87333000.0
-86366000.0
-85351000.0
-84355000.0
-83283000.0
-82259000.0
-81124000.0
-80262000.0
1206700.0
-314050.0
122030.0
881510.0
1988200.0
-12368000.0
-17658000.0
-20454000.0
-23654000.0
-26470000.0
-29542000.0
-32317000.0
-35016000.0
-37296000.0
-39480000.0
-41466000.0
-43318000.0
-44802000.0
-45703000.0
-46429000.0
-47056000.0
-47620000.0
-48085000.0
-48500000.0
-48842000.0
-49120000.0
-49359000.0
-49544000.0
-49726000.0
-49859000.0
-50016000.0
-50141000.0
-50299000.0
-50442000.0
-50624000.0
-50807000.0
-51029000.0
-51252000.0
-51512000.0
-51765000.0
-52046000.0
-52326000.0
-52611000.0
-52906000.0
-53190000.0
-53488000.0
-53759000.0
-54052000.0
-54301000.0
-54572000.0
-54797000.0
-55031000.0
-55224000.0
-55423000.0
-55576000.0
-55740000.0
-55866000.0
-56008000.0
-56137000.0
-56296000.0
-56496000.0
-56756000.0
-57087000.0
-57470000.0
-57923000.0
-58392000.0
-58922000.0
-59445000.0
-60036000.0
-60617000.0
-61292000.0
-62071000.0
