-108240000.0
-101440000.0
-103270000.0
-53975000.0
-71884000.0
-108480000.0
-109510000.0
-110370000.0
-111000000.0
-111530000.0
-111960000.0
-112350000.0
-112670000.0
-112970000.0
-113220000.0
-113440000.0
-113620000.0
-113760000.0
-113870000.0
-113940000.0
-113990000.0
-114000000.0
-114010000.0
-113980000.0
-113950000.0
-113890000.0
-113840000.0
-113760000.0
-113680000.0
-113580000.0
-113490000.0
-113370000.0
-113260000.0
-113110000.0
-112950000.0
-112760000.0
-112550000.0
-112290000.0
-112000000.0
-111670000.0
-111270000.0
-110830000.0
-110320000.0
-109760000.0
-109120000.0
-108420000.0
-107630000.0
-106750000.0
-105710000.0
-104460000.0
-103130000.0
-101760000.0
-101820000.0
-101660000.0
-101470000.0
-101230000.0
-100940000.0
-100600000.0
-100230000.0
-99823000.0
-99376000.0
-98908000.0
-98403000.0
-97886000.0
-97347000.0
-96794000.0
-96236000.0
-95662000.0
-95101000.0
-94529000.0
-93985000.0
-93428000.0
-92908000.0
-92379000.0
-91877000.0
-91367000.0
-90880000.0
-90376000.0
-89876000.0
-89361000.0
-88820000.0
-88270000.0
-87675000.0
-87072000.0
-86409000.0
-85749000.0
-85024000.0
-84300000.0
-83518000.0
-82738000.0
-81916000.0
-81093000.0
-80253000.0
-79393000.0
-78540000.0
-77658000.0
-76788000.0
-75863000.0
-74940000.0
-73963000.0
-72980000.0
-72327000.0
15747000.0
15160000.0
13729000.0
11093000.0
2010800.0
-5000800.0
-9528600.0
-12860000.0
-15672000.0
-18231000.0
-21039000.0
-23610000.0
-26021000.0
-28148000.0
-30144000.0
-31942000.0
-33520000.0
-34754000.0
-35712000.0
-36477000.0
-37232000.0
-37827000.0
-38406000.0
-38844000.0
-39266000.0
-39572000.0
-39865000.0
-40094000.0
-40299000.0
-40489000.0
-40650000.0
-40834000.0
-40979000.0
-41185000.0
-41345000.0
-41586000.0
-41776000.0
-42052000.0
-42273000.0
-42572000.0
-42813000.0
-43127000.0
-43388000.0
-43701000.0
-43978000.0
-44273000.0
-44558000.0
-44830000.0
-45114000.0
-45352000.0
-45624000.0
-45822000.0
-46069000.0
-46225000.0
-46434000.0
-46553000.0
-46716000.0
-46805000.0
-46938000.0
-47051000.0
-47243000.0
-47497000.0
-47860000.0
-48302000.0
-48820000.0
-49385000.0
-49990000.0
-50619000.0
-51261000.0
-51915000.0
-52563000.0
-53314000.0
